SM:2025-04-09T06:15:23.1535992Z
LM:2025-04-09T10:23:40.8162494Z
CT:image/jpeg
MA:2592000
CL:1113371
