SM:2025-04-18T16:30:26.9660052Z
LM:2025-04-18T16:30:27.2233540Z
CT:image/webp
MA:2592000
CL:6146
