SM:2025-04-12T14:31:29.0213930Z
LM:2025-04-12T14:31:29.2745720Z
CT:image/webp
MA:2592000
CL:10096
