SM:2025-04-17T16:07:16.6988838Z
LM:2025-04-17T16:07:16.9017260Z
CT:image/webp
MA:2592000
CL:5886
