SM:2025-04-12T12:11:39.8772516Z
LM:2025-04-12T12:11:40.0994780Z
CT:image/webp
MA:2592000
CL:10540
