SM:2025-04-09T06:15:23.1535992Z
LM:2025-04-09T06:15:24.1383806Z
CT:image/jpeg
MA:2592000
CL:14598
