SM:2025-04-10T15:05:07.3561177Z
LM:2025-04-17T16:06:44.0917020Z
CT:image/jpeg
MA:2592000
CL:14610
